7.000000000000000146e-03
1.400000000000000029e-02
2.100000000000000130e-02
2.800000000000000058e-02
3.500000000000000333e-02
4.200000000000000261e-02
4.900000000000000189e-02
5.600000000000000117e-02
6.300000000000000044e-02
7.000000000000000666e-02
7.700000000000001288e-02
8.400000000000001910e-02
9.100000000000002531e-02
9.800000000000003153e-02
1.050000000000000377e-01
1.120000000000000440e-01
1.190000000000000502e-01
1.260000000000000564e-01
1.330000000000000626e-01
1.400000000000000688e-01
1.470000000000000751e-01
1.540000000000000813e-01
1.610000000000000875e-01
1.680000000000000937e-01
1.750000000000000999e-01
1.820000000000001061e-01
1.890000000000001124e-01
1.960000000000001186e-01
2.030000000000001248e-01
2.100000000000001310e-01
2.170000000000001372e-01
2.240000000000001434e-01
2.310000000000001497e-01
2.380000000000001559e-01
2.450000000000001621e-01
2.520000000000001683e-01
2.590000000000001745e-01
2.660000000000001807e-01
2.730000000000001870e-01
2.800000000000001932e-01
2.920000000000002038e-01
3.040000000000002145e-01
3.160000000000002252e-01
3.280000000000002358e-01
3.400000000000002465e-01
3.520000000000002571e-01
3.640000000000002678e-01
3.760000000000002784e-01
3.880000000000002891e-01
4.000000000000002998e-01
4.120000000000003104e-01
4.240000000000003211e-01
4.360000000000003317e-01
4.480000000000003424e-01
4.600000000000003531e-01
4.720000000000003637e-01
4.840000000000003744e-01
4.960000000000003850e-01
5.080000000000003402e-01
5.200000000000003508e-01
5.320000000000003615e-01
5.440000000000003721e-01
5.560000000000003828e-01
5.680000000000003935e-01
5.800000000000004041e-01
5.920000000000004148e-01
6.040000000000004254e-01
6.160000000000004361e-01
6.280000000000004468e-01
6.400000000000004574e-01
6.520000000000004681e-01
6.640000000000004787e-01
6.760000000000004894e-01
6.880000000000005000e-01
7.000000000000005107e-01
7.120000000000005214e-01
7.240000000000005320e-01
7.360000000000005427e-01
7.480000000000005533e-01
7.600000000000005640e-01
7.720000000000005747e-01
7.840000000000005853e-01
7.960000000000005960e-01
8.080000000000006066e-01
8.200000000000006173e-01
8.320000000000006279e-01
8.440000000000006386e-01
8.560000000000006493e-01
8.680000000000006599e-01
8.800000000000006706e-01
8.920000000000006812e-01
9.040000000000006919e-01
9.160000000000007025e-01
9.280000000000007132e-01
9.400000000000007239e-01
9.520000000000007345e-01
9.640000000000007452e-01
9.760000000000007558e-01
9.880000000000007665e-01
1.000000000000000666e+00
